-517378540
-430308239
-1661630719
804851804
-1400619637
-1196176947
603211830
810444649
1714771320
-1369332142
-1706306999
-206836804
-64307708
-234642160
-2122409097
-1505866019
1231079450
1515416289
1312456126
-2100549642
1237143609
-268819799
1566795732
2083423161
-237249910
1797417438
123971930
-219672959
1635179572
-1281490614
-105361839
-687719241
-183777809
-575715825
-484229684
1726616950
-283335721
1610790636
1867780071
-612596878
340485762
-983234114
-697053449
1242320917
79178068
445027656
-1559291902
-987091734
1238174225
98898742
949833329
-560369858
-1086888525
1375796830
2107299588
-1771937276
158830205
-1198255799
1897369093
379408889
1634553679
-1261262606
1945758912
1470085128
-606547908
-753266739
1833603633
-1897454097
321695833
1779037450
1709384447
-1565271775
1653041367
1948750874
-1374243671
1862211566
-1351135916
-1240641423
1989752830
-2070430496
-1500660371
-737031794
273585874
-487484312
-1308927081
259894072
-872318738
-1764069190
1253596463
924302857
-292756408
-569239564
1633241038
-851248080
251866227
-1880067963
-589189150
1734520433
-569383592
-669544500
-924070790
49599856
528076070
1877315327
177534048
756245295
327475590
1077168718
-234071956
-720303915
-1388047341
-583831993
-291336425
-219243343
1877824009
1946908540
302892366
-1968022403
1329189691
1002342498
109029512
1182437350
1359471690
581319035
258432538
-424063157
1074962451
-2042902601
-1618273335
715092677
-2081993623
634012951
-708168288
-560403097
545738244
-125784172
-1248742140
1142757574
597747640
106172990
1847250181
-1724271429
-46647063
662705319
1294712822
-1083728025
-1052954818
-1837720447
-1266087361
-1130067593
1579310996
972383621
1305339504
1874668200
-313263563
654488470
-733970790
1969732237
1420643913
-1828682970
-1062773030
260485519
519999627
-1894261800
1701510453
1323832885
1419499840
1714694503
581397163
-1168778586
-16151195
-1478443323
662667654
-401600917
594126631
1524164487
692331762
-1324226440
1368428952
1211968383
-686332462
-871436948
1356827551
-1704548182
-220421936
958772759
325961263
1182508876
-1950094922
991566397
2062070202
1685507161
483416060
-272579687
-467194136
-662401513
1604192417
2070048036
368219780